941
542
855
148
748
352
629
7
318
203
536
426
736
406
657
603
237
846
219
125
648
999
452
301
788
452
513
534
32
825
132
571
301
196
823
332
135
638
13
374
210
183
326
146
784
402
313
181
73
8
997
542
330
583
867
898
698
149
190
256
223
396
766
152
206
332
843
383
76
273
695
950
531
224
446
313
514
231
341
566
226
940
1
478
212
644
638
81
800
254
930
206
487
811
351
606
697
360
432
524
198
745
373
647
9
825
884
96
358
461
142
888
614
455
792
833
592
349
293
926
958
908
497
778
100
307
821
369
819
175
594
802
201
634
108
730
570
382
981
879
402
988
35
625
866
730
266
829
387
694
629
775
929
717
531
535
841
367
398
715
63
489
392
763
96
636
13
724
740
216
53
820
362
554
145
494
803
935
946
867
801
263
201
88
122
535
953
630
615
909
955
299
650
593
692
915
81
888
229
438
691
719
303
151
63
319
622
845
696
569
520
182
365
660
653
177
78
745
893
88
534
890
649
200
354
614
108
955
291
668
154
612
178
256
203
702
409
110
493
240
627
973
288
851
622
217
8
473
876
927
560
131
982
396
376
493
228
627
316
68
453
886
686
491
355
907
327
201
765
843
188
577
886
424
558
278
804
298
252
74
656
618
505
709
391
424
73
263
241
339
248
685
401
568
317
257
376
601
817
779
61
716
644
797
225
835
117
769
17
234
728
677
885
481
484
852
187
96
696
85
504
17
564
21
16
933
517
507
117
291
876
689
60
223
704
967
120
959
591
940
763
32
133
231
11
710
410
710
422
831
954
273
129
510
674
10
759
544
474
910
606
974
42
806
728
5
84
410
994
807
381
772
47
15
654
961
22
792
966
70
24
805
100
470
153
947
707
242
739
120
970
346
871
157
989
560
472
8
893
36
698
542
451
813
89
475
643
207
507
678
450
766
65
899
678
540
554
104
942
305
908
742
926
903
772
603
436
656
868
595
35
726
38
910
215
336
570
998
390
45
700
207
907
907
357
581
542
410
623
698
329
152
13
694
631
937
753
753
551
406
14
764
720
303
221
407
922
913
671
583
865
260
403
385
244
385
736
806
501
252
558
741
644
123
518
813
730
124
50
405
531
916
179
570
872
855
362
146
948
542
66
763
426
221
391
544
526
192
19
793
679
145
469
717
756
785
438
460
417
761
674
752
349
877
602
821
68
600
288
744
908
990
534
4
992
40
828
563
900
11
575
834
537
63
875
69
946
588
484
291
833
747
371
382
889
716
882
914
547
950
21
481
783
86
264
355
254
938
943
227
474
263
485
887
215
13
393
393
529
142
103
151
516
748
235
704
288
461
724
932
331
642
754
520
234
622
45
629
894
590
567
467
363
935
792
630
455
170
715
98
797
196
614
894
271
336
996
999
88
59
34
195
568
420
945
310
440
794
730
461
387
592
297
316
814
245
400
161
435
11
178
297
3
445
961
812
73
632
32
904
738
384
917
725
165
437
198
913
340
646
513
547
652
218
527
930
460
508
802
717
621
645
394
548
712
183
601
354
413
991
801
369
956
127
933
115
168
585
582
503
433
994
195
139
604
892
475
753
96
933
651
9
315
444
667
905
490
229
45
457
887
857
322
688
110
155
696
551
725
42
407
99
42
839
347
453
867
775
477
504
292
213
401
313
891
861
608
811
171
695
801
358
745
712
762
738
486
952
42
716
517
485
420
888
529
297
824
355
880
52
462
195
299
319
682
401
906
310
845
629
999
707
346
709
866
513
214
355
202
580
116
288
960
504
335
828
664
933
302
746
283
943
586
290
503
536
190
161
705
849
233
444
682
770
639
506
381
771
397
368
112
739
627
267
361
837
323
123
938
818
663
243
81
501
650
592
446
401
96
267
343
152
581
250
197
266
344
65
413
23
454
552
934
852
928
673
492
279
881
426
863
656
202
63
482
694
746
260
543
899
980
336
851
65
159
213
280
306
565
547
189
151
969
954
587
421
121
569
910
549
563
265
592
945
165
677
11
246
152
696
797
926
521
1
695
351
587
866
745
91
605
577
328
683
778
196
268
442
668
514
115
194
330
377
877
473
157
672
649
113
881
386
979
857
285
377
270
756
836
397
733
805
771
534
158
646
467
223
829
463
214
896
17
592
637
173
481
23
321
956
171
856
36
147
546
478
273
628
416
233
275
712
847
648
959
237
609
205
649
744
527
880
185
314
801
718
329
763
481
286
446
584
749
372
670
389
697
393
651
653
141
733
941
527
396
431
361
194
427
65
94
247

